25%

0.0011 0.0012 0.0034 0.0033 0.0003 0.0003 0.0004 0.0002 
0.011 0.0108 0.0432 0.0434 0.0011 0.0011 0.0052 0.0019 
0.0536 0.0541 0.2173 0.2147 0.0023 0.0023 0.0186 0.008 
0.155 0.1561 0.649 0.6588 0.0041 0.0046 0.0461 0.0259 
0.3854 0.3799 1.545 1.544 0.0063 0.0071 0.0908 0.0567 
0.7737 0.7874 3.418 3.758 0.0107 0.0119 0.1852 0.1367

50%


0.0028 0.0024 0.0083 0.009 0.0005 0.0005 0.001 0.0004 
0.0435 0.0435 0.1613 0.162 0.0027 0.0025 0.012 0.0058 
0.1524 0.1463 0.6304 0.6296 0.0045 0.0048 0.0315 0.022 
0.4588 0.4751 1.869 1.878 0.0096 0.0105 0.0889 0.0691 
1.1026 1.12 5.815 6.483 0.0154 0.0166 0.1748 0.1436 
2.3674 2.6474 16.425 16.51 0.0216 0.0242 0.3001 0.2972 

75%

0.0039 0.0035 0.012 0.012 0.0008 0.0007 0.0008 0.0007 
0.0433 0.0427 0.176 0.177 0.0029 0.0032 0.0079 0.0086 
0.2167 0.2175 0.8741 0.881 0.0065 0.0071 0.0285 0.0354 
0.7005 0.6923 2.840 2.987 0.0115 0.0134 0.0688 0.0906 
2.0405 2.0657 11.119 11.251 0.0223 0.0246 0.1577 0.291 
3.4672 3.5255 26.289 29.198 0.0446 0.0404 0.2787 0.9694 

99%

0.004 0.0033 0.013 0.013 0.001 0.0008 0.0009 0.0009 
0.0457 0.0463 0.186 0.188 0.004 0.0043 0.0071 0.0125 
0.2382 0.2403 0.998 1.174 0.0107 0.0117 0.0285 0.0564 
0.745 0.7783 3.123 4.0602 0.0257 0.0237 0.0683 0.1965 
2.3065 2.2701 13.0724 14.729 0.0349 0.037 0.1373 0.6439 
4.7846 4.8867 29.296 31.450 0.049 0.0656 0.2292 1.5494 
