
dla 25%
0.001 0.004 0.014 0.013 0.001 0.001 0.002 0.001 
0.012 0.011 0.04 0.04 0.001 0.001 0.005 0.002 
0.055 0.051 0.204 0.206 0.002 0.003 0.018 0.008 
0.155 0.151 0.627 0.628 0.005 0.005 0.045 0.027 
0.388 0.371 1.51 1.56 0.007 0.007 0.088 0.056 
0.764 0.751 3.066 3.208 0.009 0.01 0.151 0.098 

dla 50%

0.003 0.002 0.011 0.01 0.001 0.001 0.001 0.001 
0.037 0.035 0.114 0.113 0.002 0.002 0.008 0.005 
0.145 0.143 0.575 0.571 0.005 0.005 0.03 0.023 
0.438 0.451 1.803 1.8 0.009 0.009 0.074 0.058 
1.075 1.138 5.769 5.698 0.014 0.015 0.145 0.118 
2.325 2.36 14.532 14.672 0.022 0.023 0.257 0.334 

dla 75%

0.004 0.004 0.014 0.012 0.001 0.001 0.001 0 
0.049 0.042 0.169 0.169 0.003 0.003 0.008 0.008 
0.228 0.211 0.857 0.86 0.007 0.008 0.028 0.035 
0.679 0.712 2.869 2.816 0.012 0.014 0.071 0.09 
1.706 1.726 9.784 9.671 0.021 0.023 0.133 0.304 
3.497 3.573 23.049 24.691 0.039 0.044 0.289 1.409 


dla 99%

0.004 0.004 0.016 0.013 0.001 0.001 0.001 0.001 
0.05 0.049 0.187 0.188 0.005 0.004 0.008 0.013 
0.246 0.231 0.966 0.935 0.009 0.01 0.024 0.049 
0.732 0.74 2.982 3.113 0.017 0.019 0.057 0.147 
1.857 1.84 10.747 10.601 0.028 0.031 0.113 0.509 
4.227 4.305 25.237 25.286 0.041 0.047 0.195 1.351 


